 20
 10.0   2.0   3.0   4.0   5.0   6.0   7.0   8.0   9.0  10.0   1.0   2.0   3.0   4.0   5.0   6.0   7.0   8.0   9.0  10.0   50.0
  2.0  15.0   3.0   4.0   5.0   6.0   7.0   8.0   9.0  10.0   1.0   2.0   3.0   4.0   5.0   6.0   7.0   8.0   9.0  10.0   60.0
  3.0   3.0  20.0   4.0   5.0   6.0   7.0   8.0   9.0  10.0   1.0   2.0   3.0   4.0   5.0   6.0   7.0   8.0   9.0  10.0   70.0
  4.0   4.0   4.0  25.0   5.0   6.0   7.0   8.0   9.0  10.0   1.0   2.0   3.0   4.0   5.0   6.0   7.0   8.0   9.0  10.0   80.0
  5.0   5.0   5.0   5.0  30.0   6.0   7.0   8.0   9.0  10.0   1.0   2.0   3.0   4.0   5.0   6.0   7.0   8.0   9.0  10.0   90.0
  6.0   6.0   6.0   6.0   6.0  35.0   7.0   8.0   9.0  10.0   1.0   2.0   3.0   4.0   5.0   6.0   7.0   8.0   9.0  10.0  100.0
  7.0   7.0   7.0   7.0   7.0   7.0  40.0   8.0   9.0  10.0   1.0   2.0   3.0   4.0   5.0   6.0   7.0   8.0   9.0  10.0  110.0
  8.0   8.0   8.0   8.0   8.0   8.0   8.0  45.0   9.0  10.0   1.0   2.0   3.0   4.0   5.0   6.0   7.0   8.0   9.0  10.0  120.0
  9.0   9.0   9.0   9.0   9.0   9.0   9.0   9.0  50.0  10.0   1.0   2.0   3.0   4.0   5.0   6.0   7.0   8.0   9.0  10.0  130.0
 10.0  10.0  10.0  10.0  10.0  10.0  10.0  10.0  10.0  55.0   1.0   2.0   3.0   4.0   5.0   6.0   7.0   8.0   9.0  10.0  140.0
  1.0   1.0   1.0   1.0   1.0   1.0   1.0   1.0   1.0   1.0  60.0   2.0   3.0   4.0   5.0   6.0   7.0   8.0   9.0  10.0  150.0
  2.0   2.0   2.0   2.0   2.0   2.0   2.0   2.0   2.0   2.0   2.0  65.0   3.0   4.0   5.0   6.0   7.0   8.0   9.0  10.0  160.0
  3.0   3.0   3.0   3.0   3.0   3.0   3.0   3.0   3.0   3.0   3.0   3.0  70.0   4.0   5.0   6.0   7.0   8.0   9.0  10.0  170.0
  4.0   4.0   4.0   4.0   4.0   4.0   4.0   4.0   4.0   4.0   4.0   4.0   4.0  75.0   5.0   6.0   7.0   8.0   9.0  10.0  180.0
  5.0   5.0   5.0   5.0   5.0   5.0   5.0   5.0   5.0   5.0   5.0   5.0   5.0   5.0  80.0   6.0   7.0   8.0   9.0  10.0  190.0
  6.0   6.0   6.0   6.0   6.0   6.0   6.0   6.0   6.0   6.0   6.0   6.0   6.0   6.0   6.0  85.0   7.0   8.0   9.0  10.0  200.0
  7.0   7.0   7.0   7.0   7.0   7.0   7.0   7.0   7.0   7.0   7.0   7.0   7.0   7.0   7.0   7.0  90.0   8.0   9.0  10.0  210.0
  8.0   8.0   8.0   8.0   8.0   8.0   8.0   8.0   8.0   8.0   8.0   8.0   8.0   8.0   8.0   8.0   8.0  95.0   9.0  10.0  220.0
  9.0   9.0   9.0   9.0   9.0   9.0   9.0   9.0   9.0   9.0   9.0   9.0   9.0   9.0   9.0   9.0   9.0   9.0 100.0  10.0  230.0
  9.0   9.0   9.0   9.0   9.0   90.0   9.0   9.0   9.0   9.0   9.0   9.0   9.0   9.0   9.0   9.0   9.0   9.0 100.0  10.0  230.0